0.0 0.481607 0.580402 0.016148 0.097677
0.0 0.72768 0.52227 0.01622 0.043474
0.0 0.610063 0.447127 0.012048 0.04514
0.0 0.4002916114861017 0.6359846902610061 0.03348214285714279 0.10957792207792212
0.0 0.3310444523951926 0.5507574175337333 0.01826298701298693 0.06087662337662343
0.0 0.2404904751224653 0.5034089326852484 0.015219155844155858 0.028409090909091
0.0 0.3200105644081796 0.46417733095364677 0.014458198051948088 0.02029220779220781
0.0 0.3789847933042835 0.4465907508670667 0.016741071428571393 0.03652597402597397
0.0 0.28728937934324456 0.4418559023822182 0.01445819805194812 0.02164502164502162
0.0 0.5361225773951925 0.5013797119060277 0.014458198051948088 0.07034632034632032
0.0 0.5273715627848029 0.4851459456722615 0.01369724025974032 0.056818181818181775
0.0 0.7689756618107769 0.5629327422090581 0.017502029220779286 0.052759740259740236
0.0 0.7762047608367509 0.535200058226374 0.028916396103896055 0.06764069264069258
0.0 0.7663123095380496 0.471617807144123 0.015219155844155858 0.05140692640692643
0.0 0.7046747283692185 0.46417733095364677 0.01369724025974032 0.05005411255411251
0.0 0.8287108484990885 0.4790582833345991 0.01217532467532466 0.028409090909090887
0.0 0.8412666520705171 0.48379313181944766 0.008370535714285697 0.02705627705627708
0.0 0.8610515546679197 0.4851459456722615 0.011414366883116893 0.03517316017316016
0.0 0.4292080075899978 0.5291123958887117 0.02130681818181825 0.052759740259740236
0.0 0.3611022851874004 0.5196426989190147 0.01750202922077916 0.05546536796536797
0.0 0.3706142575899978 0.5094965950229109 0.016741071428571393 0.05140692640692643
0.0 0.08525508551207575 0.508820188096504 0.00608766233766233 0.017586580086580192
0.0 0.07878694427830951 0.5122022227285385 0.008370535714285697 0.01623376623376616
0.0 0.7202743631094782 0.5155842573605732 0.011414366883116893 0.03923160173160181
