0.0 0.70864 0.631905 0.024814 0.101997
0.0 0.587888 0.550899 0.015353 0.08503
0.0 0.656412 0.530368 0.017558 0.071992
0.0 0.269612 0.572412 0.014129 0.076482
0 0.12444441181077705 0.8334955127718287 0.06163758116883113 0.14204545454545456
0 0.8933922608367509 0.9376621794384953 0.06239853896103884 0.11498917748917759
0 0.8302327640835042 0.5034089326852484 0.02130681818181825 0.06087662337662332
0 0.5642780157068809 0.5784901015164173 0.020545860389610357 0.0974025974025974
0 0.6301008647328549 0.5257303612566772 0.02435064935064932 0.07575757575757577
0 0.5163376747977899 0.4824403179666338 0.02511160714285709 0.06222943722943724
0 0.5034013923302575 0.49799767727399313 0.019023944805194697 0.05546536796536797
0 0.3949649069406471 0.5291123958887117 0.02282873376623366 0.07169913419913423
0 0.4261641764211666 0.544669755196071 0.01978490259740259 0.08387445887445885
0 0.44556860012246535 0.5338472443735602 0.017502029220779286 0.06222943722943724
0 0.5060647446029848 0.5588743006506164 0.022828733766233785 0.08522727272727278
0 0.46725589720038735 0.5277595820358979 0.01978490259740259 0.06087662337662332
0 0.4642120660315563 0.4993504911268069 0.01978490259740259 0.06899350649350651
0 0.4790507429796082 0.5000268980532139 0.015980113636363626 0.056818181818181886
0 0.4299689653822055 0.5000268980532139 0.015219155844155858 0.05411255411255405
0 0.2130959946029848 0.5690204045467203 0.024350649350649383 0.06493506493506497
