0.0 0.662211 0.523911 0.015891 0.078604
0.0 0.621957 0.500879 0.016663 0.068155
0 0.35919989070688085 0.5554922660185818 0.030438311688311716 0.07034632034632043
0 0.5479174231744134 0.5277595820358979 0.028916396103896055 0.06358225108225116
0 0.8260474962263613 0.499350491126807 0.015980113636363626 0.04464285714285716
0 0.6898360514211666 0.4188580668843827 0.011414366883116893 0.02164502164502162
0 0.626296075771816 0.3830084997848156 0.01217532467532466 0.022997835497835538
0 0.1000937624601277 0.5561686729449888 0.020545860389610357 0.04734848484848489
0 0.13433686310947834 0.5257303612566772 0.01902394480519476 0.02705627705627708
0 0.16857996375882897 0.535876465152781 0.022067775974025955 0.03111471861471862
0 0.7294058566159718 0.443885123161439 0.017502029220779286 0.0392316017316017
0 0.7986530157068809 0.4675593655856814 0.012936282467532553 0.03517316017316016
0 0.8176769605120756 0.4709414002177161 0.011414366883116893 0.03111471861471862
0 0.8241451017458419 0.4722942140705299 0.010653409090909125 0.028409090909091
