0.0 0.335558 0.573496 0.019811 0.088412
0.0 0.308364 0.574205 0.017195 0.082815
0.0 0.401241 0.496943 0.015778 0.070215
0 0.44100285336921863 0.5581978937242097 0.02663352272727275 0.08658008658008659
0 0.46801685499259515 0.5514338244601403 0.02130681818181825 0.08658008658008659
0 0.5075866601874004 0.5480517898281058 0.022828733766233785 0.09334415584415585
0 0.4702997283692185 0.4844695387458546 0.021306818181818125 0.05546536796536797
0 0.44709051570688085 0.4790582833345991 0.01902394480519482 0.05546536796536797
0 0.4189350773951926 0.5074673742436902 0.01598011363636375 0.06087662337662332
0 0.42350082414843937 0.48514594567226155 0.015980113636363626 0.05952380952380951
0 0.4303494442783094 0.4844695387458546 0.015980113636363626 0.04734848484848489
0 0.39534538583675105 0.48244031796663384 0.017502029220779286 0.056818181818181886
0 0.8275694118107769 0.4993504911268069 0.017502029220779286 0.05005411255411251
0 0.7130452640835042 0.4465907508670667 0.016741071428571393 0.03652597402597397
0 0.7381568712263613 0.4465907508670667 0.006087662337662268 0.028409090909090887
0 0.7438640546679198 0.45064919242550827 0.008370535714285697 0.022997835497835538
0 0.7290253777198678 0.44456153008784594 0.013697240259740196 0.03517316017316027
0 0.8503981455770107 0.4756762487025645 0.012936282467532428 0.03517316017316016
0 0.8937727397328548 0.48244031796663384 0.009892451298701357 0.02976190476190481
