0 0.49997708226532245 0.5243775474038633 0.02435064935064932 0.08116883116883113
0 0.4885627153822056 0.4675593655856814 0.01978490259740259 0.05140692640692632
0 0.32419583226532245 0.5439933482696641 0.022828733766233785 0.08522727272727267
0 0.08677700109649135 0.7760009240272399 0.036525974025974045 0.14339826839826836
0 0.8241451017458419 0.5000268980532139 0.018262987012987054 0.0487012987012987
0 0.8519200611614263 0.4824403179666338 0.011414366883116893 0.03517316017316016
0 0.6506467251224654 0.43712105389736977 0.01217532467532466 0.03111471861471862
0 0.5216643793432445 0.37827365129996715 0.009892451298701357 0.02435064935064935
0 0.8873045984990885 0.48108750411381995 0.010653409090909 0.029761904761904698
0 0.3329468468757121 0.535200058226374 0.017502029220779286 0.06493506493506497
