0.0 0.753557 0.549713 0.017057 0.07554
0.0 0.232372 0.898414 0.049531 0.183932
0.0 0.416432 0.658485 0.026858 0.093375
0.0 0.062339 0.695176 0.023163 0.100694
0.0 0.195757 0.753971 0.030437 0.147005
0.0 0.631287 0.521237 0.020619 0.061675
0.0 0.743763 0.479226 0.015085 0.041822
0.0 0.286292 0.597637 0.016499 0.076294
0.0 0.461595 0.658469 0.028471 0.091027
0.0 0.42197890856402376 0.5162606642869801 0.020545860389610357 0.07034632034632032
0.0 0.5992820741484394 0.5521102313865471 0.017502029220779286 0.05005411255411262
0.0 0.8614320335640236 0.49596845649477234 0.01217532467532466 0.02976190476190481
0.0 0.8268084540185692 0.4878515733778892 0.009892451298701232 0.04329004329004324
0.0 0.8058821147328548 0.46417733095364677 0.010653409090909125 0.03923160173160181
0.0 0.06470922512246537 0.9139879370142528 0.041091720779220714 0.1352813852813854
0.0 0.07840646538220562 0.5331708374471533 0.006087662337662393 0.017586580086580192
0.0 0.0894403533692186 0.5067909673172831 0.005326704545454562 0.01082251082251081
0.0 0.09704993129129653 0.5047617465380623 0.005326704545454562 0.009469696969697
0.0 0.128249200771816 0.480411097187413 0.005326704545454562 0.009469696969697
0.0 0.5045428290185692 0.5920182400445558 0.018262987012987054 0.08116883116883124
0.0 0.31125954979778997 0.5805193222956381 0.01826298701298693 0.07981601731601731
0.0 0.06470922512246537 0.5142314435077594 0.009131493506493464 0.01488095238095246
0.0 0.0715578452523355 0.5081437811700971 0.0076095779220778665 0.01352813852813854
