0.0 0.173592 0.734156 0.034526 0.132813
0.0 0.398323 0.80743 0.031111 0.129929
0.0 0.760588 0.722615 0.03454 0.083915
0 0.26978735012246535 0.5805193222956381 0.028155438311688315 0.07981601731601731
0 0.2823431536938939 0.583224950001266 0.018262987012987023 0.04464285714285716
0 0.45203674135623156 0.5954002746765904 0.03804788961038964 0.10146103896103893
0 0.4417638111614264 0.5101730019493177 0.022067775974025892 0.06899350649350651
0 0.4619291926549328 0.5081437811700971 0.01674107142857152 0.056818181818181775
0 0.4653535027198679 0.4979976772739931 0.01902394480519482 0.0581709956709957
0 0.47790930629129647 0.5074673742436902 0.015219155844155733 0.06358225108225116
0 0.4908455887588289 0.49055720108351697 0.018262987012987054 0.06222943722943724
0 0.5132938436289588 0.5040853396116555 0.020545860389610357 0.05140692640692643
0 0.531176351745842 0.4925864218627377 0.01978490259740259 0.07169913419913423
0 0.5794971715510367 0.46485373788005374 0.017502029220779286 0.05952380952380951
0 0.8743683160315561 0.4864987595250754 0.01978490259740259 0.03787878787878789
0 0.07041640856402381 0.5216719196982355 0.012936282467532428 0.018939393939393888
0 0.29756230953804974 0.4337390192653351 0.010653409090909125 0.018939393939393888
0 0.3455026504471406 0.5588743006506164 0.027394480519480516 0.0581709956709957
