0.0 0.791433 0.682786 0.041052 0.128294
0.0 0.661569 0.527247 0.01893 0.088158
0.0 0.972625 0.717472 0.019292 0.085382
0.0 0.494024 0.523405 0.015141 0.062877
0 0.8279498907068809 0.5007033049796209 0.013697240259740196 0.05546536796536797
0 0.7956091845380495 0.4702649932913091 0.014458198051948088 0.03246753246753254
0 0.8922508241484394 0.480411097187413 0.011414366883116893 0.02570346320346316
0 0.30212805629129647 0.5324944305207464 0.01674107142857152 0.056818181818181775
0 0.4006720903822056 0.47838187640819224 0.022067775974026017 0.0487012987012987
0 0.4079011894081796 0.5771372876636034 0.028916396103896055 0.09469696969696967
0 0.4250227397328549 0.5270831751094909 0.022067775974026017 0.05411255411255416
0 0.40371592155103675 0.5311416166679325 0.022067775974025892 0.0487012987012987
0 0.431871359862725 0.48244031796663384 0.01902394480519482 0.056818181818181886
0 0.4364371066159718 0.4689121794384953 0.01750202922077916 0.06493506493506497
0 0.4508953046679198 0.46553014480646066 0.014458198051947965 0.052759740259740236
0 0.4619291926549328 0.4783818764081923 0.01674107142857152 0.05140692640692643
0 0.48057265856402376 0.4689121794384953 0.020545860389610357 0.056818181818181886
0 0.5288934783692185 0.4702649932913091 0.018262987012987054 0.05411255411255416
0 0.5498198176549328 0.46011888939520523 0.01750202922077916 0.04734848484848489
0 0.5410688030445432 0.43441542619174206 0.02282873376623366 0.05546536796536797
0 0.5170986325899978 0.44591434394065976 0.014458198051947965 0.04058441558441562
0 0.5262301260964913 0.44726715779347365 0.014458198051948088 0.03787878787878789
0 0.06356778843415369 0.5554922660185818 0.014458198051948028 0.02705627705627697
0 0.7545174637588289 0.5960766816029974 0.014458198051948088 0.09469696969696967
0 0.7697366196029847 0.6028407508670667 0.015980113636363626 0.10010822510822502
0 0.7841948176549328 0.46417733095364677 0.011414366883116893 0.03382034632034635
