0.0 0.80105 0.581384 0.02064 0.07063
0.0 0.731173 0.487092 0.011912 0.068086
0.0 0.776435 0.515196 0.021155 0.047328
0.0 0.3405564247977901 0.5453461621224779 0.031199269480519484 0.06628787878787878
0.0 0.5787362137588289 0.5169370712133871 0.02511160714285709 0.07981601731601731
0.0 0.5810190871354523 0.8686686729449888 0.07990056818181812 0.11498917748917759
0.0 0.7956091845380495 0.4668829586592745 0.014458198051948088 0.03382034632034635
0.0 0.7602246472003873 0.45132559935191513 0.01369724025974032 0.02705627705627708
0.0 0.827188932914673 0.4702649932913091 0.010653409090909125 0.02705627705627708
0.0 0.8496371877848029 0.47905828333459916 0.009892451298701232 0.022997835497835538
0.0 0.1461317088886991 0.5811957292220451 0.024350649350649383 0.03787878787878789
0.0 0.029324687784803037 0.6312498417761576 0.028155438311688284 0.07575757575757588
0.0 0.06813353518740041 0.5629327422090581 0.014458198051948028 0.03382034632034635
0.0 0.05329485823934851 0.508820188096504 0.009131493506493527 0.017586580086580192
0.0 0.9006213598627251 0.47838187640819224 0.009892451298701357 0.018939393939394
0.0 0.8926313030445432 0.48176391104022687 0.012175324675324535 0.02299783549783543
0.0 0.8815974150575302 0.47838187640819224 0.009892451298701357 0.02164502164502162
