0.0 0.23141 0.899068 0.025491 0.119291
0.0 0.103248 0.808079 0.0485 0.141569
0.0 0.622715 0.559602 0.017677 0.089088
0.0 0.342647 0.620267 0.020144 0.099368
0 0.04378288583675108 0.8294370712133871 0.05098417207792204 0.1447510822510823
0 0.021334630966621207 0.8903136945900104 0.04109172077922075 0.15286796536796537
0 0.38621389233025755 0.830113478139794 0.03576501623376621 0.14880952380952384
0 0.7704975773951925 0.8700214867978027 0.05250608766233773 0.13933982683982693
0 0.42616417642116655 0.49055720108351697 0.022828733766233785 0.03517316017316016
0 0.44366620564194587 0.5122022227285385 0.015219155844155858 0.07034632034632032
0 0.45393913583675105 0.508820188096504 0.011414366883116893 0.05005411255411251
0 0.4870407997977899 0.49123360800992383 0.018262987012987054 0.05817099567099559
0 0.5121524069406471 0.5094965950229109 0.02130681818181825 0.06493506493506497
0 0.4676363760964912 0.49664486342117925 0.011414366883116893 0.05005411255411262
0 0.476006911810777 0.5054381534644693 0.011414366883116768 0.05140692640692632
0 0.8739878371354523 0.4885279803042961 0.011414366883116768 0.041937229437229426
0 0.7971311001224652 0.4641773309536468 0.009892451298701357 0.03111471861471862
0 0.8138721715510367 0.47702906255537836 0.008370535714285697 0.02435064935064935
0 0.7800095497977899 0.4499727854991013 0.010653409090909125 0.02164502164502162
0 0.9474202640835042 0.49461564264195845 0.01065340909090925 0.02435064935064935
