0.0 0.276445 0.711304 0.023441 0.133435
0.0 0.254685 0.586244 0.024284 0.098235
0 0.49008463096662114 0.4675593655856814 0.024350649350649445 0.05411255411255416
0 0.6095550043432445 0.4695885863649022 0.022828733766233785 0.05005411255411262
0 0.7423421390835043 0.46282451710083294 0.015980113636363626 0.03382034632034635
0 0.7872386488237639 0.4675593655856814 0.015980113636363626 0.02705627705627708
0 0.8287108484990886 0.499350491126807 0.016741071428571393 0.04464285714285716
0 0.8538224556419457 0.49123360800992383 0.015219155844155858 0.028409090909090887
0 0.08677700109649135 0.554815859092175 0.013697240259740258 0.03111471861471862
0 0.0616653939536342 0.5548158590921749 0.013697240259740258 0.028409090909090887
0 0.8112088192783095 0.470941400217716 0.01217532467532466 0.03382034632034635
0 0.8268084540185692 0.4675593655856814 0.009892451298701232 0.029761904761904698
0 0.07498215531727054 0.5115258158021315 0.008370535714285697 0.01758658008658008
