0.0 0.06147 0.917799 0.046215 0.134872
0 0.7339716033692185 0.49664486342117925 0.020545860389610357 0.052759740259740236
0 0.8317546796679198 0.47161780714412294 0.01674107142857152 0.03517316017316016
0 0.8667587381094781 0.49191001493633074 0.013697240259740196 0.03246753246753254
0 0.5482979020705172 0.4824403179666338 0.02663352272727275 0.06222943722943724
0 0.5277520416809068 0.47905828333459916 0.01902394480519482 0.0581709956709957
0 0.4786702640835042 0.5007033049796209 0.021306818181818125 0.06899350649350651
0 0.5239472527198679 0.5000268980532139 0.015980113636363626 0.056818181818181886
0 0.4874212786938939 0.49461564264195845 0.015980113636363626 0.05952380952380951
0 0.8945336975250626 0.48176391104022687 0.006848620129870285 0.028409090909090887
0 0.8793145416809067 0.4777054694817853 0.008370535714285697 0.02570346320346327
