0.0 0.083064 0.75043 0.027066 0.105353
0.0 0.380787 0.630797 0.022007 0.102978
0.0 0.331264 0.595082 0.016276 0.101503
0.0 0.287648 0.598694 0.019829 0.086133
0.0 0.537892 0.489474 0.015449 0.067024
0 0.1750481049925952 0.5595507075770234 0.022828733766233785 0.05411255411255405
0 0.08373316992766018 0.517613478139794 0.015219155844155858 0.02705627705627697
0 0.3066938030445432 0.5893126123389282 0.01978490259740259 0.0676406926406927
0 0.4554610514211666 0.5115258158021316 0.02511160714285709 0.06899350649350651
0 0.4033354426549328 0.42088728766360356 0.01674107142857152 0.028409090909090887
0 0.5151962381094782 0.452678413204729 0.01826298701298693 0.04599567099567097
0 0.5117719280445432 0.5000268980532139 0.023589691558441553 0.05952380952380951
0 0.4714411650575302 0.508820188096504 0.01902394480519482 0.05817099567099559
0 0.4737240384341536 0.5027325257588415 0.012936282467532428 0.0676406926406927
0 0.4889431942783094 0.4905572010835169 0.02511160714285709 0.06493506493506497
0 0.8538224556419457 0.5101730019493177 0.01369724025974032 0.03382034632034635
0 0.8191988760964912 0.471617807144123 0.014458198051948088 0.03246753246753243
0 0.8321351585640236 0.4777054694817853 0.009892451298701357 0.03382034632034635
0 0.8720854426549328 0.4844695387458545 0.016741071428571393 0.03111471861471862
0 0.8435495254471406 0.471617807144123 0.008370535714285697 0.02976190476190481
0 0.9017627965510366 0.4790582833345991 0.006087662337662393 0.02029220779220781
0 0.907469979992595 0.4824403179666338 0.006848620129870285 0.02164502164502162
