0.0 0.102052 0.915679 0.044235 0.151494
0.0 0.284847 0.865937 0.048982 0.129331
0.0 0.196848 0.746551 0.029949 0.12388
0 0.18075528843415364 0.7604435647198806 0.05250608766233761 0.10957792207792212
0 0.22146653031727054 0.7171535214298372 0.05935470779220777 0.10957792207792201
0 0.329522536810777 0.8071156426419585 0.0502232142857143 0.11093073593073594
0 0.34512217155103675 0.7543559023822183 0.043374594155844146 0.08387445887445885
0 0.27815788583675105 0.572402439178755 0.028155438311688315 0.08793290043290039
0 0.2895722527198679 0.5568450798713958 0.025111607142857182 0.07034632034632032
0 0.5049233079146731 0.5216719196982355 0.022067775974025892 0.06764069264069258
0 0.07384071862895886 0.5426405344168502 0.013697240259740258 0.02570346320346316
