0.0 0.053458 0.870047 0.042919 0.168259
0 0.17809193616142638 0.7570615300878459 0.05022321428571424 0.11904761904761901
0 0.20168162771986792 0.7360929153692313 0.053267045454545435 0.11498917748917747
0 0.22070557252506273 0.7117422660185819 0.057832792207792166 0.11228354978354975
0 0.285386984862725 0.8740799283562443 0.05631087662337654 0.13122294372294374
0 0.32647870564194587 0.8091448634211793 0.05174512987012996 0.12310606060606066
0 0.34968791830428353 0.7699132616895775 0.04033076298701295 0.12310606060606066
0 0.07916742317441339 0.517613478139794 0.01217532467532466 0.02435064935064935
0 0.08601604330428356 0.5155842573605732 0.01217532467532466 0.01217532467532473
0 0.026661335512075755 0.5879597984861143 0.013697240259740258 0.056818181818181775
0 0.0342709134341537 0.5866069846333005 0.016741071428571425 0.04329004329004335
