0.0 0.708868 0.559536 0.017618 0.068463
0.0 0.182924 0.736625 0.03195 0.137576
0.0 0.984004 0.69659 0.030377 0.107575
0.0 0.339287 0.696245 0.029857 0.100149
0.0 0.30006 0.619442 0.022666 0.061171
0 0.14004404655103675 0.5439933482696641 0.022828733766233785 0.04464285714285716
0 0.17809193616142638 0.5460225690488849 0.015219155844155795 0.0487012987012987
0 0.1883648663562316 0.554139452165768 0.011414366883116893 0.029761904761904698
0 0.10542046700558223 0.5304652097415256 0.017502029220779224 0.03111471861471862
0 0.03541235012246538 0.5669911837674995 0.014458198051948057 0.03111471861471862
0 0.592813932914673 0.4662065517328675 0.01978490259740259 0.07305194805194805
0 0.5349811407068809 0.49055720108351697 0.02435064935064932 0.07034632034632032
0 0.5216643793432445 0.49664486342117925 0.022067775974025892 0.06628787878787878
0 0.5110109702523354 0.5061145603908762 0.020545860389610482 0.06087662337662343
0 0.39192107577181595 0.5216719196982356 0.01978490259740259 0.07034632034632032
0 0.4436662056419458 0.508820188096504 0.018262987012987054 0.07440476190476197
0 0.4600267981744134 0.5054381534644693 0.015980113636363626 0.056818181818181775
0 0.47068020726532245 0.4959684564947723 0.011414366883116893 0.06222943722943724
0 0.4828555319406471 0.5020561188324346 0.015980113636363626 0.05546536796536797
0 0.48894319427830946 0.4885279803042961 0.020545860389610357 0.06358225108225105
0 0.5151962381094782 0.37421520974152556 0.015219155844155858 0.02164502164502162
0 0.4748654751224653 0.3559522227285385 0.010653409090909125 0.01758658008658008
0 0.8736073582393482 0.4864987595250754 0.015219155844155733 0.03787878787878789
0 0.8450714410315561 0.471617807144123 0.011414366883116893 0.01623376623376627
