0.0 0.907936 0.904409 0.053582 0.181587
0.0 0.230629 0.589868 0.017672 0.090093
0.0 0.59531 0.587361 0.01937 0.090952
0.0 0.286895 0.603329 0.020115 0.095935
0.0 0.384202 0.735911 0.029679 0.082525
0 0.5677023257718159 0.5304652097415256 0.022828733766233785 0.08522727272727278
0 0.8241451017458419 0.49867408420040005 0.015219155844155733 0.0487012987012987
0 0.4512757835640237 0.49867408420040005 0.018262987012987054 0.056818181818181775
0 0.42312034525233544 0.5406113136376295 0.021306818181818125 0.06493506493506497
0 0.3744190465510368 0.5284359889623047 0.018262987012987054 0.05411255411255405
0 0.41627172512246535 0.47702906255537836 0.01826298701298693 0.04599567099567097
0 0.4295884864861017 0.5074673742436902 0.01902394480519482 0.06087662337662332
0 0.4463295579146731 0.4553840409103567 0.01902394480519482 0.04599567099567097
0 0.4961722933042835 0.4188580668843827 0.01826298701298693 0.03246753246753254
0 0.4961722933042835 0.37895005822637406 0.010653409090909 0.022997835497835538
0 0.8933922608367509 0.4837931318194476 0.007609577922077929 0.02435064935064935
0 0.25000244752506273 0.573078846105162 0.01902394480519482 0.04599567099567097
0 0.2754945335640237 0.583224950001266 0.019784902597402558 0.07440476190476186
