0.0 0.027366 0.701982 0.027471 0.125277
0 0.2834845903822055 0.5791665084428242 0.026633522727272717 0.08793290043290039
0 0.41360837284973806 0.5392584997848157 0.020545860389610357 0.08658008658008659
0 0.5429711975250627 0.5399349067112226 0.01750202922077916 0.09063852813852813
0 0.7777266764211664 0.4925864218627377 0.013697240259740196 0.05005411255411262
0 0.823764622849738 0.47635265562897144 0.014458198051947965 0.03652597402597408
0 0.8165355238237639 0.4777054694817853 0.01217532467532466 0.03382034632034635
0 0.8519200611614263 0.4777054694817853 0.011414366883116893 0.03382034632034635
0 0.8591491601874002 0.49867408420040005 0.01217532467532466 0.03517316017316016
0 0.8739878371354523 0.4871751664514823 0.012936282467532553 0.028409090909090887
0 0.8926313030445432 0.480411097187413 0.01065340909090925 0.022997835497835538
0 0.7362544767458419 0.45200200627832215 0.01750202922077916 0.041937229437229426
0 0.18227720401856926 0.5122022227285385 0.015980113636363626 0.02435064935064935
0 0.4543196147328549 0.5094965950229108 0.02282873376623366 0.07575757575757577
0 0.47068020726532245 0.5074673742436902 0.014458198051947965 0.04464285714285716
0 0.47676786960298484 0.48379313181944766 0.01902394480519482 0.056818181818181775
0 0.4839969686289588 0.508143781170097 0.015219155844155858 0.05952380952380951
0 0.498074687784803 0.4905572010835169 0.015980113636363626 0.04329004329004335
0 0.5068257023951925 0.49258642186273766 0.01826298701298693 0.05546536796536797
0 0.5170986325899978 0.5067909673172831 0.01902394480519482 0.04329004329004335
0 0.5311763517458419 0.5257303612566772 0.016741071428571393 0.06222943722943724
0 0.5197619848627251 0.47905828333459916 0.01826298701298693 0.06358225108225116
0 0.5079671390835042 0.3748916166679325 0.014458198051948088 0.022997835497835538
