0.0 0.630691 0.500218 0.016469 0.080793
0.0 0.830192 0.486627 0.016189 0.073928
0 0.538024971875712 0.4337390192653351 0.018262987012987054 0.05411255411255405
0 0.6232522446029847 0.44253230930862514 0.018262987012987054 0.041937229437229426
0 0.7488102803172704 0.4499727854991013 0.009131493506493464 0.029761904761904698
0 0.7548979426549328 0.4506491924255082 0.009131493506493464 0.02570346320346327
0 0.5357420984990886 0.3803028720791879 0.01369724025974032 0.02299783549783543
0 0.5011185189536341 0.452678413204729 0.017502029220779286 0.04599567099567097
0 0.49008463096662114 0.47905828333459916 0.021306818181818125 0.052759740259740236
0 0.4307299231744134 0.4628245171008329 0.01978490259740259 0.05005411255411262
0 0.4326323176549328 0.4817639110402269 0.015980113636363626 0.04464285714285716
0 0.47676786960298473 0.4729706209969368 0.01750202922077916 0.05140692640692643
0 0.47828978518740034 0.46620655173286757 0.012936282467532428 0.0487012987012987
0 0.3995306536938939 0.48988079415711 0.018262987012987054 0.0581709956709957
0 0.4006720903822055 0.47229421407052985 0.01902394480519482 0.05546536796536797
0 0.41094502057701077 0.47567624870256453 0.015219155844155733 0.04058441558441551
0 0.38545293453804974 0.49393923571555154 0.022067775974026017 0.0581709956709957
0 0.45203674135623156 0.48582235259866846 0.01826298701298693 0.05005411255411262
0 0.44861243129129647 0.46350092402723986 0.019023944805194697 0.045995670995671076
0 0.8831193306419457 0.5135550365813524 0.014458198051948088 0.03517316017316016
0 0.8758902316159718 0.48379313181944766 0.01369724025974032 0.03517316017316016
