0.0 0.544361 0.667239 0.02794 0.076158
0.0 0.723826 0.628272 0.030124 0.108523
0 0.5220448582393484 0.5142314435077594 0.022828733766233785 0.06899350649350651
0 0.4801921796679198 0.5805193222956381 0.041091720779220714 0.09334415584415585
0 0.7088599962263614 0.6021643439406598 0.020545860389610357 0.09063852813852813
0 0.8127307348627251 0.4743234348497507 0.015219155844155858 0.03517316017316016
0 0.823764622849738 0.47973469026100607 0.011414366883116893 0.02705627705627697
0 0.8538224556419457 0.48244031796663384 0.012175324675324785 0.03787878787878789
0 0.4630706293432445 0.4743234348497507 0.01902394480519482 0.045995670995671076
0 0.4790507429796082 0.5223483266246425 0.022067775974026017 0.07440476190476197
0 0.48894319427830946 0.47229421407052985 0.01902394480519482 0.05546536796536797
