0.0 0.360032 0.721641 0.030443 0.13771
0.0 0.608511 0.589217 0.01858 0.090147
0.0 0.303065 0.628137 0.021013 0.074756
0.0 0.284123 0.628133 0.014498 0.06552
0 0.3375125936289588 0.573078846105162 0.01902394480519482 0.0892857142857142
0 0.355395101745842 0.5818721361484521 0.01978490259740259 0.09334415584415585
0 0.36414611635623156 0.5527866383129542 0.01902394480519482 0.08116883116883113
0 0.7602246472003874 0.4932628287891446 0.018262987012987054 0.056818181818181886
0 0.8252865384341537 0.49867408420040005 0.014458198051948088 0.0487012987012987
0 0.779248592005582 0.4492963785726944 0.01369724025974032 0.03111471861471862
0 0.7857167332393483 0.462148110174426 0.011414366883116893 0.03787878787878789
0 0.7982725368107769 0.4749998417761576 0.009131493506493464 0.02570346320346316
0 0.8055016358367509 0.470941400217716 0.011414366883116893 0.03382034632034635
0 0.8401252153822054 0.4790582833345991 0.013697240259740196 0.028409090909090887
