0.0 0.067032 0.720457 0.024647 0.119112
0 0.05253390044714067 0.5595507075770234 0.013697240259740258 0.02976190476190481
0 0.4919870254471406 0.4689121794384953 0.023589691558441553 0.05411255411255405
0 0.5992820741484394 0.46485373788005374 0.025111607142857213 0.04599567099567097
0 0.32533726895363413 0.5466989759752918 0.025111607142857213 0.07711038961038959
0 0.8256670173302575 0.4973212703475862 0.016741071428571393 0.0487012987012987
0 0.8503981455770105 0.47973469026100607 0.014458198051948088 0.03787878787878789
0 0.8043601991484391 0.46417733095364677 0.013697240259740196 0.03652597402597397
0 0.8127307348627251 0.4675593655856814 0.010653409090909125 0.029761904761904698
0 0.8214817494731147 0.46823577251208837 0.009892451298701232 0.03652597402597408
