0.0 0.052373 0.654337 0.016968 0.085282
0 0.09400610012246537 0.5453461621224779 0.023589691558441553 0.03652597402597408
0 0.4314908809666212 0.5494046036809196 0.022828733766233785 0.06087662337662343
0 0.5494393387588289 0.5439933482696641 0.027394480519480516 0.08522727272727267
0 0.44062237447311464 0.4682357725120883 0.015219155844155858 0.041937229437229426
0 0.4489929101874004 0.462148110174426 0.01217532467532466 0.04329004329004335
0 0.4501343468757121 0.5162606642869803 0.020545860389610357 0.05952380952380951
0 0.45584153031727054 0.4472671577934736 0.01826298701298693 0.0487012987012987
0 0.7233181942783095 0.4492963785726944 0.014458198051948088 0.052759740259740236
0 0.739298307914673 0.44591434394065976 0.009892451298701232 0.0487012987012987
0 0.7472883647328549 0.4567368547631706 0.01369724025974032 0.03246753246753254
0 0.8720854426549327 0.508143781170097 0.015219155844155733 0.02976190476190481
0 0.5277520416809068 0.5094965950229109 0.014458198051948088 0.07305194805194805
0 0.5174791114861016 0.470941400217716 0.024350649350649445 0.06087662337662343
0 0.5144352803172705 0.5135550365813524 0.016741071428571393 0.06222943722943724
0 0.47981170077181595 0.47905828333459916 0.014458198051948088 0.05005411255411262
0 0.4900846309666212 0.5034089326852484 0.015219155844155858 0.06358225108225116
0 0.4973137299925951 0.49258642186273766 0.015980113636363626 0.04734848484848489
0 0.5779752559666211 0.37624443052074635 0.015980113636363626 0.03382034632034635
0 0.8983384864861016 0.480411097187413 0.009892451298701357 0.02570346320346316
