0.0 0.23577 0.897488 0.024664 0.116371
0.0 0.260056 0.825235 0.028859 0.165553
0.0 0.23440281278480296 0.7557087162350321 0.0502232142857143 0.1271645021645021
0.0 0.42273986635623156 0.6170452963216121 0.01902394480519482 0.06087662337662343
0.0 0.4702997283692185 0.5987823093086253 0.024350649350649445 0.10010822510822513
0.0 0.6278179913562315 0.47499984177615756 0.01674107142857152 0.06087662337662343
0.0 0.6209693712263614 0.45876607554239135 0.01369724025974032 0.04464285714285716
0.0 0.4839969686289588 0.4168288461051619 0.012175324675324785 0.03111471861471862
0.0 0.42578369752506273 0.4668829586592745 0.012936282467532428 0.041937229437229426
0.0 0.44747099460298473 0.5067909673172831 0.018262987012987054 0.06493506493506497
0.0 0.46725589720038735 0.5034089326852484 0.01217532467532466 0.05546536796536797
0.0 0.4801921796679198 0.5034089326852484 0.01369724025974032 0.05005411255411262
0.0 0.8732268793432444 0.4844695387458546 0.009892451298701232 0.028409090909090887
0.0 0.9124162056419457 0.48582235259866846 0.007609577922077929 0.022997835497835538
0.0 0.9329620660315561 0.48717516645148223 0.004565746753246857 0.022997835497835538
0.0 0.9219281780445432 0.4837931318194476 0.006848620129870036 0.018939393939393888
0.0 0.5030209134341537 0.36271629199260785 0.009131493506493464 0.014880952380952349
